###################分组信息###################
180 | [185, 185] | [5, 5]
190 | [195] | [5]
200 | [200, 200, 206] | [0, 0, 6]
210 | [210, 215, 217] | [0, 5, 7]
220 | [220, 220, 220, 225, 225, 225, 225, 227] | [0, 0, 0, 5, 5, 5, 5, 7]
230 | [230, 232, 232, 235, 236] | [0, 2, 2, 5, 6]
240 | [240, 240, 240, 245, 245] | [0, 0, 0, 5, 5]
250 | [252] | [2]
260 | [] | []
270 | [270, 271] | [0, 1]
####################茎叶图#####################
18 | 55
19 | 5
20 | 006
21 | 057
22 | 00055557
23 | 02256
24 | 00055
25 | 2
26 |
27 | 01
####################茎叶图#####################